11
21
13
1
6
12
4
24
9
22
13
8
1
18
17
17
9
6
10
20
21
25
5
17
21
12
21
17
18
19
18
14
20
22
9
20
14
13
1
21
6
16
11
22
22
3
8
20
2
21
9
9
25
18
24
6
23
15
1
16
20
19
18
1
8
11
2
16
13
1
24
11
20
25
16
3
13
17
24
14
22
22
18
20
25
20
20
16
18
25
16
13
14
5
24
24
2
6
13
9
22
16
4
6
14
6
25
1
3
4
2
11
17
24
4
9
7
21
15
12
8
13
14
3
7
21
7
12
8
10
25
23
8
12
2
6
9
9
22
11
11
11
13
6
13
22
3
16
21
14
9
20
21
25
19
6
9
25
13
3
22
12
12
23
25
5
22
7
17
4
11
23
25
23
11
13
24
17
19
9
22
22
8
16
19
6
13
14
5
23
8
17
10
4
11
17
17
15
13
5
11
13
3
6
5
8
13
3
13
8
3
10
19
20
1
20
14
9
2
22
14
20
22
21
2
3
22
14
7
16
9
2
10
16
11
19
10
9
6
8
15
3
13
12
15
23
20
8
15
22
17
4
24
16
6
21
20
8
24
6
1
18
14
11
14
25
21
19
1
13
7
18
4
14
1
11
24
15
20
20
22
4
8
14
8
25
10
6
3
6
8
25
3
14
18
19
5
6
17
17
22
11
22
2
25
18
11
20
25
22
15
19
20
17
13
23
16
12
15
19
12
8
7
16
19
25
20
9
7
19
1
14
20
5
17
5
14
20
11
12
14
14
6
12
19
7
19
22
1
9
6
6
15
18
8
7
18
11
22
25
17
12
1
24
17
7
8
18
18
15
25
14
13
8
4
17
17
24
24
13
19
16
8
17
24
22
7
6
6
3
17
6
1
6
9
2
4
18
4
24
18
14
18
13
25
6
6
10
21
20
16
7
8
25
25
5
7
23
8
19
19
11
12
22
3
23
15
10
21
5
17
13
22
9
5
15
3
16
11
16
18
24
22
20
20
6
18
13
6
2
23
19
25
5
16
7
17
9
9
13
21
19
21
21
11
2
22
13
19
7
7
6
14
3
23
19
11
15
14
1
21
25
2
12
25
24
6
22
5
16
6
7
12
25
15
9
6
22
13
4
20
22
23
11
19
3
3
25
9
16
15
12
9
24
7
18
4
25
8
14
3
3
10
2
21
24
8
19
5
18
23
23
15
23
21
10
18
18
21
19
13
13
19
18
25
15
2
12
5
2
10
1
16
18
12
12
21
4
17
14
1
12
17
16
2
16
24
5
3
18
6
9
12
4
7
5
15
11
16
20
21
22
5
16
3
14
21
17
4
11
13
3
10
21
3
5
12
20
1
4
10
15
1
13
18
9
11
17
25
22
13
21
21
15
15
17
25
24
17
25
14
23
22
14
13
5
21
6
22
7
18
11
25
24
5
18
16
15
12
1
13
24
17
23
3
9
1
11
5
20
2
11
6
14
2
8
17
6
4
6
9
8
21
7
9
4
10
25
20
15
8
7
21
5
16
22
24
4
11
1
12
19
2
7
23
9
7
9
15
14
6
20
5
1
23
14
23
10
18
11
4
15
20
