14
23
8
8
5
11
3
8
12
18
21
19
19
13
2
17
11
8
22
16
6
17
8
3
14
8
22
11
1
20
15
1
12
22
5
5
23
7
2
2
4
2
13
19
20
6
25
12
6
6
5
10
2
11
3
17
25
14
23
13
19
14
16
24
5
5
14
10
1
18
3
5
20
7
24
8
21
19
1
13
20
24
24
22
2
6
6
19
22
2
20
20
24
2
18
14
6
18
4
15
13
17
6
15
9
22
12
21
1
17
22
1
25
19
2
10
4
5
7
21
12
14
17
20
25
1
16
4
13
10
25
11
4
22
6
20
14
20
14
21
11
18
7
1
4
10
12
2
18
12
11
16
1
25
7
23
4
23
25
20
22
15
14
20
19
10
25
11
6
7
3
17
4
25
1
14
8
3
10
5
3
8
23
1
15
17
7
10
22
15
2
25
25
14
13
16
13
13
5
4
13
16
22
24
17
22
16
10
3
17
20
13
12
16
13
20
23
20
1
10
17
15
12
14
16
8
23
5
17
14
16
4
18
4
11
21
9
17
20
6
21
1
2
24
10
10
24
18
8
1
24
24
24
21
21
2
11
20
25
7
6
12
4
18
12
4
19
3
24
8
14
5
13
23
1
24
24
11
24
19
12
3
15
6
6
23
17
17
4
16
25
13
9
18
6
8
12
1
2
2
15
24
21
9
7
20
23
19
9
9
1
4
1
3
25
6
13
8
15
25
20
1
3
24
16
20
17
19
7
24
3
6
3
6
22
8
25
14
9
23
15
2
10
24
17
16
25
25
11
20
16
15
13
18
18
6
16
8
6
2
17
18
12
23
24
11
17
23
18
19
4
8
4
14
2
10
21
25
24
9
8
14
21
12
10
16
5
16
17
12
8
3
5
7
22
1
2
9
13
12
23
4
6
1
19
22
12
15
7
13
22
16
22
21
8
23
24
15
2
10
2
23
16
15
13
2
23
25
17
19
15
1
20
24
21
20
6
12
18
16
4
20
24
23
23
15
4
13
17
1
25
12
22
12
4
1
13
10
3
21
10
14
13
3
12
23
22
19
2
13
6
22
10
16
3
2
5
21
1
1
23
20
5
1
1
18
6
21
20
22
11
17
18
11
8
6
3
24
10
12
12
24
6
7
17
8
25
16
16
23
18
14
7
9
23
11
19
25
2
14
1
11
4
12
15
5
7
17
6
8
22
10
1
23
15
10
10
5
1
15
10
9
7
18
6
5
25
18
21
9
10
23
7
1
8
11
25
21
22
23
21
25
1
5
8
17
9
3
16
20
17
14
18
25
1
22
1
25
12
10
7
23
9
14
6
5
6
16
7
14
22
7
18
1
23
6
20
14
18
24
17
2
10
2
10
10
11
3
9
2
2
1
12
8
16
8
15
8
3
10
2
18
10
14
14
16
22
18
19
8
3
25
23
10
24
11
13
18
7
20
12
14
17
19
8
25
22
20
8
14
24
17
18
16
20
19
8
9
12
2
20
17
5
10
18
19
13
11
17
21
25
18
23
17
17
20
22
11
24
10
13
22
14
17
6
19
23
24
4
2
13
8
22
6
22
1
12
18
21
22
21
21
14
16
23
9
17
16
19
8
16
18
22
18
1
22
9
13
14
16
6
17
5
22
21
7
11
2
3
8
13
5
4
9
7
22
17
14
8
20
14
20
8
25
3
14
21
17
15
23
20
17
21
5
20
22
11
22
9
24
18
8
8
9
3
2
7
21
7
11
12
4
2
25
2
22
21
19
13
4
23
25
9
9
17
16
22
1
15
24
9
4
23
12
19
6
6
23
25
13
22
12
19
3
4
14
19
3
23
21
14
13
21
17
8
1
20
17
8
20
17
14
15
22
3
1
7
7
2
15
13
17
10
3
16
12
2
15
18
2
21
3
9
19
3
24
9
12
19
16
6
3
6
3
7
7
12
2
11
14
14
15
9
13
15
9
7
13
11
4
8
3
2
18
19
1
13
3
10
22
19
11
25
16
20
23
13
8
4
21
25
3
1
20
10
11
18
11
15
10
23
4
6
22
5
1
25
1
24
17
25
14
23
25
16
25
3
18
4
9
9
13
5
2
24
23
8
7
8
9
17
22
24
14
8
17
19
12
17
22
5
