9
7
18
24
16
17
22
4
12
20
16
7
5
9
16
12
20
19
23
3
5
21
15
25
22
14
9
15
8
8
1
11
9
14
23
1
6
23
3
22
16
6
8
10
6
23
18
18
11
19
10
25
17
23
21
18
24
8
8
20
7
23
13
4
9
9
23
20
5
4
25
12
16
23
8
6
15
13
5
17
5
4
1
21
15
2
8
3
5
18
15
19
2
24
18
4
1
9
2
13
3
8
24
4
3
23
14
18
14
7
24
4
19
5
7
15
4
10
3
17
2
19
2
20
24
3
23
7
10
10
25
12
22
22
3
12
14
24
14
16
22
23
11
3
10
9
12
20
2
11
9
14
2
8
2
12
16
10
5
14
10
21
22
11
15
17
16
5
15
17
24
1
10
5
10
1
11
10
21
5
7
23
23
4
25
15
18
14
7
23
18
18
2
8
18
19
17
1
21
4
10
10
22
24
19
3
25
2
20
13
23
2
1
19
12
11
8
14
8
16
21
15
12
9
9
1
22
9
20
24
22
13
17
2
14
11
1
10
6
10
3
4
25
11
22
9
12
15
21
5
13
7
7
17
15
25
24
19
10
14
14
21
9
14
23
10
15
24
2
20
7
16
6
25
19
3
2
24
5
6
9
16
7
6
3
10
3
16
16
8
18
2
15
1
22
20
11
25
22
7
13
25
24
2
13
15
11
16
23
6
2
13
22
3
15
13
3
20
20
1
4
10
25
1
18
3
4
8
1
14
16
11
14
15
4
17
18
22
22
12
13
20
15
2
24
10
3
25
15
16
1
21
3
8
11
10
13
10
1
23
10
22
12
5
12
25
21
21
12
1
19
21
14
14
11
1
4
21
9
2
5
5
1
9
3
25
17
9
16
4
25
6
6
23
10
18
17
12
2
5
16
3
19
18
8
19
23
16
13
2
17
9
2
19
8
11
5
24
1
13
19
4
2
18
23
11
19
12
1
25
6
6
5
6
5
20
19
16
21
14
2
19
2
17
21
16
24
3
6
20
20
23
25
20
2
6
19
13
16
4
21
22
4
23
7
8
15
21
3
10
19
11
1
1
24
19
18
16
21
19
4
24
3
5
19
25
9
9
12
13
25
9
2
6
25
11
21
10
16
19
22
5
18
6
10
17
13
20
15
19
21
13
21
25
25
3
7
12
7
25
21
1
22
21
25
7
24
12
5
20
9
12
2
8
22
18
8
10
20
5
14
1
14
15
18
25
15
8
14
4
16
20
8
3
22
20
17
25
7
14
2
2
19
7
24
9
15
5
4
1
17
10
23
6
3
9
2
12
16
8
17
20
2
25
18
5
17
14
24
7
19
16
3
14
20
25
16
13
17
13
21
19
17
6
2
7
19
10
24
20
1
12
23
13
21
11
15
3
21
5
20
14
15
24
21
6
17
16
16
14
17
16
18
23
19
13
8
2
8
25
22
2
17
17
11
22
1
7
1
14
20
12
9
1
7
23
8
15
24
2
7
13
25
21
11
23
1
23
20
14
3
4
6
17
6
6
23
7
6
6
24
17
6
25
13
1
3
11
11
8
14
24
9
2
11
20
19
7
13
19
7
22
6
15
9
17
9
23
16
22
8
22
6
7
6
11
24
8
18
10
25
8
2
17
19
6
23
13
20
22
24
6
11
20
22
10
25
5
22
17
2
10
21
8
15
24
24
21
5
16
8
7
3
3
20
11
19
17
